(0) 3476
(1) 3874
(2) 3576
(3) 3470
(4) 3194
(5) 3035
(6) 2882
(7) 2789
(8) 2519
(9) 2433
(10) 2169
(11) 2244
(12) 2089
(13) 1983
(14) 1908
(15) 1879
(16) 1781
(17) 1622
(18) 1602
(19) 1595
(20) 1403
(21) 1407
(22) 1329
(23) 1343
(24) 1229
(25) 1176
(26) 1102
(27) 1153
(28) 1023
(29) 1036
(30) 962
(31) 1018
(32) 872
(33) 906
(34) 857
(35) 919
(36) 806
(37) 779
(38) 820
(39) 816
(40) 741
(41) 716
(42) 710
(43) 721
(44) 629
(45) 637
(46) 613
(47) 611
(48) 637
(49) 572
(50) 579
(51) 586
(52) 507
(53) 509
(54) 548
(55) 501
(56) 530
(57) 517
(58) 526
(59) 451
(60) 518
(61) 479
(62) 487
(63) 440
(64) 441
(65) 435
(66) 400
(67) 452
(68) 435
(69) 438
(70) 420
(71) 371
(72) 387
(73) 401
(74) 403
(75) 403
(76) 406
(77) 355
(78) 375
(79) 351
(80) 355
(81) 354
(82) 374
(83) 334
(84) 306
(85) 338
(86) 342
(87) 339
(88) 339
(89) 314
(90) 335
(91) 304
(92) 300
(93) 299
(94) 311
(95) 328
(96) 304
(97) 294
(98) 329
(99) 294
(100) 287
(101) 277
(102) 295
(103) 300
(104) 270
(105) 270
(106) 297
(107) 284
(108) 296
(109) 288
(110) 251
(111) 258
(112) 256
(113) 269
(114) 249
(115) 244
(116) 247
(117) 249
(118) 237
(119) 236
(120) 216
(121) 223
(122) 218
(123) 229
(124) 243
(125) 237
(126) 212
(127) 229
(128) 219
(129) 231
(130) 223
(131) 213
(132) 229
(133) 259
(134) 207
(135) 230
(136) 187
(137) 209
(138) 206
(139) 200
(140) 219
(141) 196
(142) 224
(143) 212
(144) 188
(145) 230
(146) 190
(147) 196
(148) 170
(149) 188
(150) 169
(151) 179
(152) 178
(153) 192
(154) 178
(155) 174
(156) 163
(157) 221
(158) 171
(159) 176
(160) 192
(161) 186
(162) 177
(163) 175
(164) 156
(165) 166
(166) 153
(167) 186
(168) 162
(169) 160
(170) 157
(171) 150
(172) 161
(173) 153
(174) 145
(175) 134
(176) 173
(177) 149
(178) 165
(179) 132
(180) 179
(181) 157
(182) 148
(183) 143
(184) 128
(185) 140
(186) 141
(187) 157
(188) 159
(189) 142
(190) 129
(191) 143
(192) 155
(193) 143
(194) 143
(195) 122
(196) 146
(197) 137
(198) 114
(199) 131
(200) 145
(201) 140
(202) 130
(203) 126
(204) 125
(205) 167
(206) 134
(207) 117
(208) 118
(209) 139
(210) 116
(211) 100
(212) 115
(213) 121
(214) 121
(215) 127
(216) 126
(217) 136
(218) 94
(219) 111
(220) 128
(221) 112
(222) 118
(223) 115
(224) 119
(225) 102
(226) 105
(227) 97
(228) 117
(229) 102
(230) 79
(231) 98
(232) 93
(233) 101
(234) 92
(235) 123
(236) 103
(237) 121
(238) 102
(239) 111
(240) 87
(241) 100
(242) 104
(243) 97
(244) 107
(245) 95
(246) 99
(247) 112
(248) 100
(249) 2